INDV	N_DATA	N_GENOTYPES_FILTERED	N_MISS	F_MISS
BCC21	1066495	0	99667	0.0934529
BCC107	1066495	0	96705	0.0906755
HOR8658	1066495	0	94775	0.0888659
BCC51	1066495	0	89393	0.0838194
FT525	1066495	0	77885	0.0730289
FT359	1066495	0	77407	0.0725807
BCC103	1066495	0	75709	0.0709886
HOR1758	1066495	0	74614	0.0699619
HOR742	1066495	0	74418	0.0697781
BCC003	1066495	0	73761	0.0691621
BCC105	1066495	0	73630	0.0690392
HOR1463	1066495	0	73389	0.0688133
HOR2766	1066495	0	73203	0.0686389
HOR9607	1066495	0	73038	0.0684841
FT523	1066495	0	72985	0.0684345
FT561	1066495	0	72709	0.0681757
FT414	1066495	0	72562	0.0680378
HOR10103	1066495	0	71941	0.0674555
HOR4469	1066495	0	71902	0.067419
FT411	1066495	0	71259	0.0668161
HOR11317	1066495	0	70917	0.0664954
HOR1192	1066495	0	70418	0.0660275
HOR1431	1066495	0	69263	0.0649445
HOR10350	1066495	0	69216	0.0649004
HOR6360	1066495	0	69188	0.0648742
HOR10360	1066495	0	68911	0.0646145
HOR2800	1066495	0	68363	0.0641006
HOR10627	1066495	0	68316	0.0640566
FT553	1066495	0	67969	0.0637312
FT554	1066495	0	67880	0.0636477
BCC54	1066495	0	66957	0.0627823
HOR5702	1066495	0	66552	0.0624025
HOR1804	1066495	0	66225	0.0620959
FT555	1066495	0	64938	0.0608892
HOR14279	1066495	0	64781	0.060742
BCC761	1066495	0	64647	0.0606163
HOR10152	1066495	0	64410	0.0603941
BCC182	1066495	0	63669	0.0596993
BCC126	1066495	0	62959	0.0590336
HOR2777	1066495	0	62954	0.0590289
HOR10280	1066495	0	62528	0.0586294
HOR8455	1066495	0	62141	0.0582666
BCC167	1066495	0	61628	0.0577855
HOR11403	1066495	0	61289	0.0574677
FT226	1066495	0	61275	0.0574546
BCC185	1066495	0	61130	0.0573186
HOR14153	1066495	0	60940	0.0571404
HOR8635	1066495	0	60492	0.0567204
HOR10761	1066495	0	60237	0.0564813
HOR10609	1066495	0	60031	0.0562881
BCC168	1066495	0	60029	0.0562862
FT388	1066495	0	59893	0.0561587
93-HS1	1066495	0	59260	0.0555652
HOR713	1066495	0	58899	0.0552267
BCC110	1066495	0	58763	0.0550992
HOR2854	1066495	0	58606	0.054952
BCC192	1066495	0	58551	0.0549004
HOR2462	1066495	0	58380	0.0547401
HOR10551	1066495	0	58116	0.0544925
FT539	1066495	0	57789	0.0541859
HOR9827	1066495	0	57191	0.0536252
HOR8113	1066495	0	57022	0.0534667
HOR154	1066495	0	56951	0.0534002
HOR1842	1066495	0	56623	0.0530926
BCC190	1066495	0	56310	0.0527991
HOR8827	1066495	0	56255	0.0527476
HOR2792	1066495	0	55789	0.0523106
BCC108	1066495	0	55766	0.052289
FT390	1066495	0	55656	0.0521859
HOR12762	1066495	0	55634	0.0521653
HOR7969	1066495	0	55571	0.0521062
HOR454	1066495	0	55198	0.0517565
HOR10130	1066495	0	54835	0.0514161
FT524	1066495	0	54765	0.0513505
HOR2465	1066495	0	54454	0.0510588
BCC42	1066495	0	53893	0.0505328
BCC197	1066495	0	53317	0.0499927
BCC195	1066495	0	52963	0.0496608
BCC131	1066495	0	52449	0.0491789
HOR10610	1066495	0	51836	0.0486041
HOR2458	1066495	0	51091	0.0479055
FT380	1066495	0	50730	0.047567
HOR9888	1066495	0	50520	0.0473701
95-HS3	1066495	0	50118	0.0469932
HOR8842	1066495	0	50046	0.0469257
HOR1133	1066495	0	49878	0.0467682
HOR2351	1066495	0	49670	0.0465731
SBCC095	1066495	0	49494	0.0464081
SBCC014	1066495	0	49395	0.0463153
FT549	1066495	0	48924	0.0458736
HOR13416	1066495	0	48732	0.0456936
BCC169	1066495	0	48684	0.0456486
94-HS2	1066495	0	48071	0.0450738
HOR10705	1066495	0	47770	0.0447916
HOR7380	1066495	0	47213	0.0442693
HOR937	1066495	0	46787	0.0438699
HOR4724	1066495	0	46191	0.043311
HOR3938	1066495	0	45852	0.0429932
SBCC002	1066495	0	45403	0.0425722
HOR1707	1066495	0	45302	0.0424775
HOR758	1066495	0	44942	0.0421399
HOR2829	1066495	0	44891	0.0420921
HOR902	1066495	0	44396	0.0416279
HOR2867	1066495	0	43173	0.0404812
HOR4150	1066495	0	42898	0.0402233
HOR12830	1066495	0	42797	0.0401286
HOR383	1066495	0	42524	0.0398727
FT519	1066495	0	41780	0.0391751
HOR9453	1066495	0	41391	0.0388103
BCC1481	1066495	0	41322	0.0387456
100-HS8	1066495	0	40677	0.0381408
HOR2785	1066495	0	40138	0.0376354
HOR3950	1066495	0	38554	0.0361502
HOR10410	1066495	0	38538	0.0361352
HOR756	1066495	0	38490	0.0360902
HOR2808	1066495	0	38281	0.0358942
BCC1494	1066495	0	38069	0.0356954
BCC1503	1066495	0	37967	0.0355998
HOR354	1066495	0	37826	0.0354676
FT521	1066495	0	37793	0.0354366
BCC1589	1066495	0	37729	0.0353766
HOR4720	1066495	0	37316	0.0349894
SBCC003	1066495	0	37180	0.0348619
HOR752	1066495	0	36713	0.034424
HOR10782	1066495	0	36365	0.0340977
FT520	1066495	0	35947	0.0337057
SBCC144	1066495	0	35815	0.033582
HOR8826	1066495	0	33978	0.0318595
HOR203	1066495	0	33921	0.0318061
HOR396	1066495	0	32134	0.0301305
SBCC158	1066495	0	31735	0.0297564
HOR3959	1066495	0	31360	0.0294047
BCC1487	1066495	0	31329	0.0293757
SBCC147	1066495	0	30953	0.0290231
HOR9919	1066495	0	28543	0.0267634
HOR7436	1066495	0	28358	0.0265899
BCC1488	1066495	0	28281	0.0265177
